Clients 10
Nodes 28 
 1  0.00000   13.00000
 2 15.00000   13.00000
 3 17.00000   11.00000
 4 17.00000    8.00000
 5 17.00000    5.00000
 6 17.00000    2.00000
 7 19.00000    0.00000
 8 19.00000   13.00000
 9 23.00000    0.00000
10 23.00000   13.00000
11 27.00000    0.00000
12 27.00000   13.00000
13 32.00000    0.00000
14 32.00000   13.00000
15 34.00000   11.00000
16 34.00000    8.00000
17 34.00000    5.00000
18 34.00000    2.00000
19 15.00000   12.00000
20 20.00000   14.00000
21 20.50000   11.00000
22 31.00000   14.00000
23 33.00000    4.00000
24 23.00000    1.00000
25 22.00000    1.00000
26 24.00000    1.00000
27 15.00000    3.00000
28 19.00000    9.00000
Arcs 57
1 2
2 8
8 2
8 3
3 8
8 10
10 8
3 4
4 3
4 5
5 4
5 6
6 5
6 7
7 6
7 9
9 7
9 11
11 9
11 13
13 11
13 18
18 13
18 17
17 18
17 16
16 17
15 16
16 15
15 14
14 15
14 12
12 14
12 10
10 12
2 19
3 19
8 19
2 20
8 20
10 20
3 21
8 21
10 21
12 22
14 22
17 23
18 23
13 23
16 23
9 24
9 25
9 26
5 27
6 27
4 28
3 28
BalancedSplitters 2
Cost
1 30.00
2 40.00
SplittingRatio 
1 2
2 4
LossRatio
1 3.7
2 7.3
UnbalancedSplitters 2
Cost
1 45
2 45
LossRatio
1 1 0.7
1 2 11
2 1 1
2 2 9.6
CableAttenuation
0.00025
CableCost
1.9
SpliceBox Cost
185
SpliceBoxAttenuation
0.1
