Clients 12 
Nodes 52
1 675073.506 7188042.688 
2 675053.506 7188047.688 
3 674914.48   7188166.2 
4 674831.4204 7188070.382 
5 674892.7776 7188137.794 
6 674987.6775 7188251.401 
7 674960.1008 7188216.707 
8 674930.7448 7188184.683 
9 674938.751 7188145.542 
10 674964.5486 7188124.192 
11 674985.8984 7188109.069 
12 675017.923 7188141.983 
13 675043.7206 7188178.456 
14 675060.6225 7188192.689 
15 675025.0396 7188220.266 
16 675092.6472 7188226.493 
17 675153.1382 7188158.885 
18 675130.0093 7188133.977 
19 675098.8742 7188157.996 
20 675073.9661 7188177.566 
21 675112.2178 7188109.069 
22 675076.6349 7188071.707 
23 674887.6561 7188174.897 
24 675031.2666 7188015.664 
25 675002.8003 7187985.418 
26 675020.5917 7188081.492 
27 674960.9903 7188084.161 
28 674933.4136 7188047.688 
29 674904.9472 7188011.216 
30 674872.9226 7187978.302 
31 674841.7875 7188004.099 
32 674804.4254 7188036.124 
33 674777.7382 7188004.099 
34 674775.0695 7188058.363 
35 675153.1382 7188111.738 
36 674847.125 7187947.167 
37 674906.7264 7187948.946 
38 674944.978 7187914.252 
39 674980.5609 7187960.51 
40 674921.8491 7187892.013 
41 674930.7448 7188230.941 
42 674814.2107 7188086.83 
43 674742.1553 7188010.326 
44 674933.4136 7188086.83 
45 674879.1496 7188030.787 
46 675003.6899 7188162.443 
47 675073.9661 7188256.738 
48 675172.7088 7188139.315 
49 675103.3221 7188069.928 
50 674833.7814 7187966.737 
51 674961.8799 7187981.86 
52 674899.4166 7188201.286 
Arcs 136 
	1	 2
   23    3
    4    5
    5    4
    5    3
    3    5
    6   15
   15    6
    6    7
    7    6
    7    8
    8    7
    8    3
    3    8
    3    9
    9    3
    9   10
   10    9
   10   11
   11   10
   11   12
   12   11
   12   13
   13   12
   13   14
   14   13
   14   15
   15   14
   14   16
   16   14
   17   18
   18   17
   18   19
   19   18
   19   20
   20   19
   20   14
   14   20
   18   21
   21   18
   21   22
   22   21
    2   22
   22    2
    2   26
   26    2
   26   11
   11   26
   11   27
   27   11
   27   28
   28   27
   28   29
   29   28
   29   30
   30   29
   30   31
   31   30
   31   32
   32   31
   32    4
    4   32
   32   34
   34   32
   32   33
   33   32
    2   24
   24    2
   24   25
   25   24
   18   35
   35   18
   30   36
   36   30
   40   38
   38   40
   38   37
   37   38
   37   30
   39   38
   38   39
   39   25
   25   39
   3	41
   7	41
   6	41
   8	41
   32	42
   33	42
   34	42
   32	43
   33	43
   34	43
   9	44
   10	44
   23	44
   27	44
   28	44
   28	45
   29	45
   30	45
   31	45
   34   45
   11	46
   12	46
   13	46
   15	46
   13	47
   14	47
   15	47
   16	47
   17	48
   18	48
   21	48
   35	48
   2	49
   21	49
   22	49
   35	49
   30	50
   31	50
   32	50
   33	50
   36	50
   29	51
   30	51
   31	51
   36	51
   37	51
   38   51
   39   51
   25	51
   3	52
   5	52
   8	52
   23	52
BalancedSplitters 2
Cost
1 30.00
2 40.00
SplittingRatio 
1 2
2 4
LossRatio
1 3.7
2 7.3
UnbalancedSplitters 2
Cost
1 45
2 45
LossRatio
1 1 0.7
1 2 11
2 1 1
2 2 9.6
CableAttenuation
0.00025
CableCost
1.9
SpliceBox Cost
185
SpliceBoxAttenuation
0.1
