80 79                      1
81 80                      1
82 81                      1
83 82                      1
84 83                      1
85 84                      1
86 85                      1
87 86                      1
88 87                      1
89 88                      1
90 89                      1
91 90                      1
92 91                      1
93 92                      1
94 93                      1
95 94                      1
96 95                      1
96 161                     1
97 96                      1
98 97                      1
99 98                      1
100 99                     1
101 100                    1
101 168                    1
102 101                    1
103 102                    1
104 103                    1
105 104                    1
105 106                    1
176 105                    1
106 107                    1
107 108                    1
108 109                    1
109 197                    1
114 113                    1
115 114                    1
116 115                    1
117 116                    1
118 117                    1
119 118                    1
120 119                    1
121 120                    1
122 121                    1
123 122                    1
124 123                    1
125 124                    1
126 125                    1
127 126                    1
128 127                    1
129 128                    1
129 234                    1
129 205                    1
130 129                    1
131 130                    1
132 131                    1
133 132                    1
208 133                    1
137 211                    1
137 138                    1
138 227                    1
142 141                    1
142 223                    1
143 142                    1
144 143                    1
145 144                    1
146 145                    1
147 146                    1
148 147                    1
149 148                    1
150 149                    1
217 150                    1
159 158                    1
160 159                    1
161 160                    1
165 164                    1
165 172                    1
165 169                    1
166 165                    1
167 166                    1
168 167                    1
169 170                    1
170 171                    1
172 173                    1
175 176                    1
180 175                    1
181 180                    1
182 181                    1
183 182                    1
183 215                    1
184 183                    1
185 184                    1
186 185                    1
187 186                    1
209 187                    1
194 206                    1
195 194                    1
196 195                    1
197 196                    1
205 204                    1
206 207                    1
207 208                    1
210 209                    1
211 210                    1
215 216                    1
216 217                    1
227 228                    1
228 229                    1
229 230                    1
234 235                    1
235 236                    1
